4
267 598
0.280899 1.7185265 3.075896 2.148119 2.1471855 2.195558 1.6426245 4.348809 3.290537 2.464636 7.957575 2.108768 2.125255 2.258083 1.638736 4.483193 3.356173 2.2439295 7.607928 2.0463975 2.095081 2.100058 1.5776095 4.5657835 3.2913145 2.36727 8.1593055 2.05993 2.1222995 2.1387865 1.588964 4.24771 3.447629 2.493566 7.304009 2.201157 2.1686495 2.117478 1.5675 4.174919 3.394124 2.457482 7.264814 2.087615 2.107213 2.1201225 1.574344 4.2239135 3.298625 2.446905 8.175326 2.054019 2.005803 2.104413 1.574033 4.321435 3.2505635 2.394956 7.522382 2.0078245 2.098814 2.105657 1.565323 4.23309 3.268762 2.227909 7.4581455 1.979362 2.236308 2.336785 1.689752 4.611355 4.087819 2.21951 7.5424465 2.01078 2.109079 2.268971 1.7238145 4.327656 3.301113 2.374114 7.532648 2.188403 2.0532415 2.0905705 1.564078 4.187673 3.2913145 2.214844 7.299965 2.011402 2.0282 2.2164 1.637803 4.470439 3.584501 2.402733 7.490653 2.0740835 1.940166 2.070195 1.5791655 4.1616985 3.398479 2.391845 7.3346495 2.027578 1.969096 2.100369 1.5601895 4.181763 3.217746 2.5357165 8.199901 1.924613 1.9384555 2.1450085 1.572788 4.110216 3.494912 2.43975 7.41444 2.0641295 2.005492 2.071439 1.5605005 4.7194535 3.380437 2.401488 7.5993735 2.1624285 2.1969575 2.110946 1.582743 4.342277 3.337509 2.528406 7.835945 2.160095 2.147652 2.2118895 1.692241 4.3197235 3.418699 2.596843 8.0152785 2.2106445 2.2461075 2.18467 1.594563 4.22438 3.364572 2.499166 8.00268 2.087304 1.965985 2.114056 1.5517905 4.379917 3.327244 2.320298 7.557845 2.058685 1.949187 2.22231 1.679798 4.349431 3.297069 2.314388 7.405419 1.933634 2.048109 2.141431 1.5729435 4.2198695 3.339375 2.333674 7.534981 2.058685 2.073617 2.107835 1.5828985 4.2957715 3.266584 2.5839335 7.840922 1.968163 2.119034 2.107213 1.579321 4.176163 3.2592735 2.542405 9.8786095 2.031622 2.07175 2.1011465 1.5875645 4.219092 3.380748 2.434151 7.621615 2.053708 2.175027 2.212356 1.686952 4.337922 3.379193 2.388734 7.546957 2.041887 2.0501305 2.256217 1.642469 4.310236 3.460072 2.457482 7.4870755 2.113434 2.053708 2.1139005 1.59503 4.2111595 3.3277105 2.3220095 7.513672 2.044687 2.0560415 2.4595035 1.851821 4.7303415 3.643294 2.2510845 7.36809 2.133343 2.131788 2.177982 1.5440135 4.145056 3.373282 2.325898 7.352225 2.0566635 2.048109 2.0983475 1.555368 4.185807 3.589479 2.655324 8.139242 1.903771 2.172227 2.212978 1.499686 4.213181 3.293648 2.686743 2.070506 2.0417315 2.087926 1.528616 4.7561605 3.60161 3.132823 1.342283 10.3178455 
1 2 0.001867
2 1 0.2216385
2 3 0.0191565
3 2 0.348142
3 4 1.3458565
4 3 1.463909
4 5 3.60605
5 4 3.839048
5 6 0.0835215
6 5 0.309827
5 7 0
7 5 0.1217805
6 8 0.679689
8 6 0.0729365
7 8 0.100786
8 7 0.105761
8 9 1.5694535
9 8 1.837898
9 10 0.225214
10 9 0.197841
10 11 0.011858
11 10 0.372788
11 12 0.4487155
12 11 0.743308
12 13 0.1918105
13 12 0.174235
13 14 5.007035
14 13 4.8682965
13 15 0
15 13 0.066566
14 16 0
16 14 0.0474285
15 16 3.6505995
16 15 3.7418975
16 17 0.007843
17 16 0.3010175
17 18 0.332535
18 17 0.1821315
18 19 0.192902
19 18 0.2511515
19 20 1.7065415
20 19 3.6852845
20 21 4.267868
21 20 4.443005
21 22 6.3979995
22 21 6.556491
21 23 0
23 21 0.165487
22 24 0
24 22 0.074646
23 24 2.6142595
24 23 2.8908005
24 25 0.3526735
25 24 0.4039835
25 26 0.1696875
26 25 0.2701655
26 27 0.126333
27 26 0.2186525
27 28 1.575735
28 27 3.3852535
28 29 0.182944
29 28 0.1787455
29 30 6.663345
30 29 6.928691
29 31 0.4739145
31 29 0.14309
30 32 0
32 30 0.063449
31 32 2.5091165
32 31 2.828276
32 33 0.021216
33 32 0.3399035
33 34 0.2717195
34 33 0.1373365
34 35 1.625265
35 34 2.251069
35 36 1.167141
36 35 2.2977415
36 37 5.1140025
37 36 5.259898
37 38 6.1922245
38 37 6.3779355
37 39 0.5016005
39 37 0.1681315
38 40 0
40 38 0.0813355
39 40 3.2259845
40 39 3.738476
40 41 0.2241935
41 40 0.242691
41 42 0.220237
42 41 0.176687
42 43 0
43 42 0.4497695
43 44 1.6603475
44 43 3.1242635
44 45 0.1277285
45 44 0.147482
45 46 6.8890285
46 45 6.7218265
45 47 0
47 45 0.118826
46 48 0
48 46 0.0262755
47 48 2.7953035
48 47 3.128461
48 49 0
49 48 0.207226
49 50 0.133447
50 49 0.4820065
50 51 0.5694645
51 50 0.6098335
51 52 1.6541255
52 51 4.0266875
52 53 3.9354805
53 52 4.269422
53 54 6.0572185
54 53 6.15614
53 55 0
55 53 0.147755
54 56 0.5684805
56 54 0
55 56 2.8382315
56 55 3.0054315
56 57 0.0546575
57 56 0.2702195
57 58 0.1880415
58 57 0.163
58 59 0
59 58 0.0907905
59 60 1.2467755
60 59 2.8981135
60 61 0.1314605
61 60 0.190722
61 62 5.13753
62 61 5.213899
61 63 0
63 61 0.162998
62 64 0
64 62 0.074647
63 64 2.612081
64 63 2.92813
64 65 0.0726985
65 64 0.255443
65 66 0.17762
66 65 0.312938
66 67 0.4008575
67 66 0.3390295
67 68 0.897907
68 67 2.3436245
68 69 3.2778595
69 68 3.394985
69 70 5.3154645
70 69 5.2837345
69 71 0
71 69 0.1500885
70 72 0
72 70 0.105754
71 72 2.6220355
72 71 2.743508
72 73 0.215645
73 72 0
73 74 0
74 73 0.1432475
74 75 0.0176085
75 74 0.113343
75 76 1.118769
76 75 2.6049265
76 77 0.156813
77 76 0.132706
77 78 5.4097195
78 77 5.228519
77 79 0
79 77 0.0359245
78 80 0
80 78 0.0804025
79 80 2.464944
80 79 2.7915685
80 81 0.0658565
81 80 0.215626
81 82 0.14558
82 81 0.108562
82 83 0.4834505
83 82 0.7726735
83 84 1.0326015
84 83 2.33787
84 85 3.0736405
85 84 3.17365
85 86 5.3770565
86 85 5.325263
85 87 0
87 85 0.186018
86 88 0
88 86 0.050384
87 88 2.5783305
88 87 2.94695
88 89 0.2019515
89 88 0.2436225
89 90 0.1553785
90 89 0.338446
90 91 0.1930565
91 90 0.0357255
91 92 0.922015
92 91 2.484541
92 93 0.026782
93 92 0.21654
93 94 5.364614
94 93 5.3997645
93 95 0
95 93 0.146511
94 96 0
96 94 0.076669
95 96 2.0168425
96 95 2.37613
96 97 0.159649
97 96 0.168346
97 98 0.045725
98 97 0.17451
98 99 0.1294435
99 98 0.3530285
99 100 0.9604325
100 99 2.1389385
100 101 0.304265
101 100 0.548771
101 102 5.500553
102 101 5.5487695
101 103 0.0374795
103 101 0.121626
102 104 0
104 102 0.09269
103 104 2.5277805
104 103 2.947572
104 105 0.350491
105 104 0.322794
105 106 0.1214715
106 105 0.2048395
106 107 0.056651
107 106 0.267635
107 108 1.055777
108 107 2.587973
108 109 0.058201
109 108 0.1932085
109 110 5.738835
110 109 5.7064835
109 111 0
111 109 0.1161825
110 112 0.65387
112 110 0.0611155
111 112 2.5322915
112 111 2.830608
112 113 0.162755
113 112 0.281262
113 114 0.187885
114 113 0
114 115 0
115 114 0.2802465
115 116 1.2215775
116 115 3.090667
116 117 0.1924295
117 116 0.232404
117 118 4.182535
118 117 4.2436605
117 119 0
119 117 0.135002
118 120 0
120 118 0.122242
119 120 1.2991965
120 119 1.6955015
120 121 1.772428
121 120 1.089914
121 122 0.19784
122 121 0.231748
122 123 0.0964705
123 122 0.1113195
123 124 0.61343
124 123 1.929586
124 125 0.0885315
125 124 0.1656785
125 126 5.0171445
126 125 5.000969
125 127 0
127 125 0.1871075
126 128 0.010261
128 126 0
127 128 2.6464555
128 127 2.6085015
128 129 0
129 128 0.820674
129 130 0.6524735
130 129 0.1314265
130 131 0.0253885
131 130 0.1278085
131 132 0.8835965
132 131 2.2734775
132 133 0.148727
133 132 0.2322525
133 134 5.4509365
134 133 5.663555
133 135 0
135 133 0.1434
134 136 0.008705
136 134 0.056605
135 136 2.327138
136 135 2.77757
136 137 0.336028
137 136 0.3831415
137 138 0.1899075
138 137 0.166422
138 139 0.024302
139 138 0.1974935
139 140 1.2718165
140 139 3.0272085
140 141 0.1165305
141 140 0.1330175
141 142 3.9622955
142 141 4.114876
141 143 0
143 141 0.1248915
142 144 0
144 142 0.0925345
143 144 1.8897685
144 143 2.010619
144 145 0.2080195
145 144 0.290597
145 146 0.1821305
146 145 0.143091
146 147 0.065986
147 146 0.4700015
147 148 1.304324
148 147 2.807902
148 149 0.1295965
149 148 0.1485725
149 150 4.562044
150 149 4.7544435
149 151 0
151 149 0.1130715
150 152 0
152 150 0
151 152 1.581807
152 151 1.9378275
152 153 0.2882755
153 152 0.317194
153 154 0.0695225
154 153 0.194418
154 155 0.097093
155 154 0.308396
155 156 1.330454
156 155 2.801214
156 157 0.076245
157 156 0.194142
157 158 4.160138
158 157 4.2669915
157 159 0.547484
159 157 0.1332915
158 160 0
160 158 0.043851
159 160 1.4183375
160 159 1.512901
160 161 0.1933995
161 160 0.2524885
161 162 0.133447
162 161 0.079944
162 163 0.02181
163 162 0.2631275
163 164 0.745014
164 163 1.929742
164 165 0.1796785
165 164 0.3507695
165 166 4.960841
166 165 4.5850635
165 167 0.003418
167 165 0.1354675
166 168 0
168 166 0.011189
167 168 1.7798045
168 167 2.154335
168 169 0.1610475
169 168 0.339435
169 170 0.154601
170 169 0.2213265
170 171 0.0972455
171 170 0.235906
171 172 0.3074895
172 171 0.3529105
172 173 0.080286
173 172 0.1970975
173 174 0.2964505
174 173 0.371575
173 175 0
175 173 0.160199
174 176 0.530374
176 174 0.009011
175 176 0.2415475
176 175 0.223969
176 177 0.2363255
177 176 0.311439
177 178 0.182909
178 177 0.146514
178 179 0.0580505
179 178 0.0595265
179 180 0.07014
180 179 0.393195
180 181 0.2418935
181 180 0.166768
181 182 0.2116835
182 181 0.3056275
181 183 0
183 181 0.1080935
182 184 0
184 182 0
183 184 0.1401365
184 183 0.03297
184 185 0.049524
185 184 0.302105
185 186 0.130337
186 185 0.133759
186 187 0.0720525
187 186 0.515572
187 188 0.6201175
188 187 0.1976855
188 189 0.066599
189 188 0.1750125
189 190 0.1634665
190 189 0.3600655
189 191 0
191 189 0.103272
190 192 0
192 190 0.0847575
191 192 0.1255165
192 191 0.285251
192 193 0.2826765
193 192 0.266642
193 194 0.1678215
194 193 0.230192
194 195 0.140333
195 194 0.2476075
195 196 0.2822905
196 195 0.18882
196 197 0.0580455
197 196 0.181078
197 198 0.195353
198 197 0.2574115
197 199 0.431765
199 197 0.08243
198 200 0.001551
200 198 0.001234
199 200 0.0956535
200 199 0.132202
200 201 0.333382
201 200 0.4408475
201 202 0.147446
202 201 0.1824425
202 203 0.088071
203 202 0.001045
203 204 0
204 203 0.2222605
204 205 0.1193285
205 204 0.171747
205 206 0.108407
206 205 0.3471555
205 207 0
207 205 0.145889
206 208 0.748436
208 206 0
207 208 0.122251
208 207 0.1164925
208 209 0.210508
209 208 0.2179595
209 210 0.028616
210 209 0.171711
210 211 0.054163
211 210 0.283192
211 212 0.188815
212 211 0.2720325
212 213 0.1149735
213 212 0.2123415
213 214 0.2144835
214 213 0.206551
213 215 0
215 213 0.126914
214 216 0
216 214 0.072159
215 216 0.176377
216 215 0.251033
216 217 0.3355615
217 216 0.290909
217 218 0.044791
218 217 0.187886
218 219 0.0876045
219 218 0.2500615
219 220 0.223966
220 219 0.1872645
220 221 0.047626
221 220 0.175167
221 222 0.145425
222 221 0.2990955
221 223 0
223 221 0.137957
222 224 0.622452
224 222 0
223 224 0.100942
224 223 0.1108935
224 225 0.167422
225 224 0.2801745
225 226 0.187885
226 225 0.1541345
226 227 0.0409405
227 226 0.058749
227 228 0.0961155
228 227 0.236414
228 229 0.115129
229 228 0.1911875
229 230 0.2365695
230 229 0.330358
229 231 0
231 229 0.144023
230 232 0
232 230 0.046338
231 232 0.1686005
232 231 0.206237
232 233 0.2156465
233 232 0.136617
233 234 0
234 233 0.342334
234 235 0.2400295
235 234 0.243371
235 236 0.2231885
236 235 0.193175
236 237 0.0644245
237 236 0.177657
237 238 0.140292
238 237 0.3210255
237 239 0
239 237 0.136869
238 240 0
240 238 0.125353
239 240 0.1619125
240 239 0.3211795
240 241 0.3238935
241 240 0.194163
241 242 0.115717
242 241 0.1684435
242 243 0.054161
243 242 0.398288
243 244 0.3581945
244 243 0.353066
244 245 0.194765
245 244 0.159302
245 246 0.1640895
246 245 0.2359465
245 247 0
247 245 0.145268
246 248 0
248 246 0.106377
247 248 0.141537
248 247 0.281673
248 249 0.285631
249 248 0.255292
249 250 0.094252
250 249 0.105763
250 251 0
251 250 0.179922
251 252 0.1413755
252 251 0.241702
252 253 0.14779
253 252 0.12493
253 254 0.079944
254 253 0.2605215
253 255 0
255 253 0.167043
254 256 0
256 254 0.092068
255 256 0.151491
256 255 0.267831
256 257 0.3293385
257 256 0.191361
257 258 0.157395
258 257 0
258 259 0
259 258 0.24388
259 260 0.177034
260 259 0.285911
260 261 0.1600455
261 260 0.278409
260 262 0
262 260 0.158643
261 263 0.08834
263 261 0.032962
262 263 0.044171
263 262 0.1587985
263 264 0.3095925
264 263 0.270069
264 265 0.195974
265 264 0.0010855
265 266 0
266 265 0.280923
266 267 0.1192955
267 266 0
